2967601,32.57,0,0,0
2967654,32.88,0,0,0
2967707,32.69,0,0,0
2967760,32.33,0,0,0
2967813,31.97,0,0,0
2967866,31.61,0,0,0
2967919,31.32,0,0,0
2967972,31.13,0,0,0
2968025,31.06,0,0,0
2968078,31.13,0,0,0
2968131,31.37,0,0,0
2968184,31.73,0,0,0
2968237,32.14,0,0,0
2968290,32.16,0,0,0
2968343,32.93,0,0,0
2968396,32.81,0,0,0
2968449,32.93,0,0,0
2968502,32.93,0,0,0
2968555,32.76,0,0,0
2968608,32.81,0,0,0
2968661,32.40,0,0,0
2968714,31.86,0,0,0
2968767,31.37,0,0,0
2968820,31.01,0,0,0
2968873,30.78,0,0,0
2968926,30.72,0,0,0
2968979,30.84,0,0,0
2969032,31.20,0,0,0
2969085,31.66,0,0,0
2969138,32.21,0,0,0
2969191,32.40,0,0,0
2969244,32.81,0,0,0
2969297,33.19,0,0,0
2969350,33.31,0,0,0
2969403,33.24,0,0,0
2969456,32.93,0,0,0
2969509,32.52,0,0,0
2969562,32.33,0,0,0
2969615,31.74,0,0,0
2969668,31.13,0,0,0
2969721,30.65,0,0,0
2969774,30.41,0,0,0
2969827,30.41,0,0,0
2969880,30.65,0,0,0
2969933,31.08,0,0,0
2969986,31.66,0,0,0
2970039,32.33,0,0,0
2970092,32.58,0,0,0
2970145,33.12,0,0,0
2970198,33.48,0,0,0
2970251,33.60,0,0,0
2970304,33.48,0,0,0
2970357,33.12,0,0,0
2970410,32.58,0,0,0
2970463,32.28,0,0,0
2970516,31.56,0,0,0
2970569,30.89,0,0,0
2970622,30.41,0,0,0
2970675,30.12,0,0,0
2970728,30.17,0,0,0
2970781,30.48,0,0,0
2970834,30.96,0,0,0
2970887,31.68,0,0,0
2970940,32.04,0,0,0
2970993,32.76,0,0,0
2971046,33.36,0,0,0
2971099,33.72,0,0,0
2971152,34.25,0,0,0
2971205,33.65,0,0,0
2971258,33.24,0,0,0
2971311,32.58,0,0,0
2971364,32.22,0,0,0
2971417,31.44,0,0,0
2971470,30.66,0,0,0
2971523,30.17,0,0,0
2971576,29.93,0,0,0
2971629,29.93,0,0,0
2971682,30.29,0,0,0
2971735,30.90,0,0,0
2971788,31.68,0,0,0
2971841,32.52,0,0,0
2971894,32.88,0,0,0
2971947,33.48,0,0,0
2972000,33.89,0,0,0
2972053,34.44,0,0,0
2972106,33.77,0,0,0
2972159,33.29,0,0,0
2972212,32.58,0,0,0
2972265,32.16,0,0,0
2972318,31.32,0,0,0
2972371,30.53,0,0,0
2972424,29.57,0,0,0
2972477,29.33,0,0,0
2972530,29.81,0,0,0
2972583,29.88,0,0,0
2972636,30.89,0,0,0
2972689,31.73,0,0,0
2972742,32.21,0,0,0
2972795,33.05,0,0,0
2972848,33.65,0,0,0
2972901,34.49,0,0,0
2972954,34.56,0,0,0
2973007,33.85,0,0,0
2973060,32.88,0,0,0
2973113,32.57,0,0,0
2973166,32.09,0,0,0
2973219,31.20,0,0,0
2973272,30.00,0,0,0
2973325,29.45,0,0,0
2973378,29.28,0,0,0
2973431,29.86,0,0,0
2973484,29.86,0,0,0
2973537,30.96,0,0,0
2973590,31.80,0,0,0
2973643,32.71,0,0,0
2973696,33.12,0,0,0
2973749,33.77,0,0,0
2973802,34.56,0,0,0
2973855,34.13,0,0,0
2973908,33.84,0,0,0
2973961,33.31,0,0,0
2974014,32.52,0,0,0
2974067,32.04,0,0,0
2974120,31.13,0,0,0
2974173,30.36,0,0,0
2974226,29.88,0,0,0
2974279,29.21,0,0,0
2974332,29.76,0,0,0
2974385,29.81,0,0,0
2974438,30.96,0,0,0
2974491,31.86,0,0,0
2974544,32.33,0,0,0
2974597,33.12,0,0,0
2974650,33.77,0,0,0
2974703,34.56,0,0,0
2974756,34.13,0,0,0
2974809,34.27,0,0,0
2974862,33.22,0,0,0
2974915,32.45,0,0,0
2974968,31.97,0,0,0
2975021,31.14,0,0,0
2975074,30.36,0,0,0
2975127,29.45,0,0,0
2975180,29.28,0,0,0
2975233,29.88,0,0,0
2975286,30.29,0,0,0
2975339,31.01,0,0,0
2975392,31.92,0,0,0
2975445,32.40,0,0,0
2975498,33.12,0,0,0
2975551,33.72,0,0,0
2975604,34.49,0,0,0
2975657,34.51,0,0,0
2975710,33.72,0,0,0
2975763,33.17,0,0,0
2975816,32.40,0,0,0
2975869,31.97,0,0,0
2975922,31.13,0,0,0
2975975,30.41,0,0,0
2976028,29.93,0,0,0
2976081,29.40,0,0,0
2976134,29.93,0,0,0
2976187,30.41,0,0,0
2976240,31.13,0,0,0
2976293,31.98,0,0,0
2976346,32.76,0,0,0
2976399,33.05,0,0,0
2976452,33.58,0,0,0
2976505,33.89,0,0,0
2976558,33.89,0,0,0
2976611,33.60,0,0,0
2976664,33.05,0,0,0
2976717,32.33,0,0,0
2976770,31.92,0,0,0
2976823,31.20,0,0,0
2976876,30.53,0,0,0
2976929,29.69,0,0,0
2976982,29.57,0,0,0
2977035,30.12,0,0,0
2977088,30.53,0,0,0
2977141,31.20,0,0,0
2977194,31.97,0,0,0
2977247,32.71,0,0,0
2977300,32.95,0,0,0
2977353,33.41,0,0,0
2977406,33.65,0,0,0
2977459,33.65,0,0,0
2977512,33.41,0,0,0
2977565,32.88,0,0,0
2977618,32.28,0,0,0
2977671,31.97,0,0,0
2977724,31.25,0,0,0
2977777,30.70,0,0,0
2977830,30.36,0,0,0
2977883,30.24,0,0,0
2977936,30.36,0,0,0
2977989,30.72,0,0,0
2978042,31.32,0,0,0
2978095,31.97,0,0,0
2978148,32.64,0,0,0
2978201,32.83,0,0,0
2978254,33.24,0,0,0
2978307,33.43,0,0,0
2978360,33.41,0,0,0
2978413,33.17,0,0,0
2978466,32.76,0,0,0
2978519,32.22,0,0,0
2978572,31.98,0,0,0
2978625,31.80,0,0,0
2978678,30.96,0,0,0
2978731,30.65,0,0,0
2978784,30.53,0,0,0
2978837,30.65,0,0,0
2978890,30.96,0,0,0
2978943,31.44,0,0,0
2978996,31.97,0,0,0
2979049,32.52,0,0,0
2979102,32.57,0,0,0
2979155,32.93,0,0,0
2979208,33.12,0,0,0
2979261,33.12,0,0,0
2979314,32.95,0,0,0
2979367,33.00,0,0,0
2979420,32.16,0,0,0
2979473,32.04,0,0,0
2979526,31.56,0,0,0
2979579,31.21,0,0,0
2979632,30.90,0,0,0
2979685,30.84,0,0,0
2979738,30.89,0,0,0
2979791,31.13,0,0,0
2979844,31.49,0,0,0
2979897,31.92,0,0,0
2979950,32.40,0,0,0
2980003,32.76,0,0,0
2980056,32.64,0,0,0
2980109,32.83,0,0,0
2980162,32.81,0,0,0
2980215,32.69,0,0,0
2980268,32.45,0,0,0
2980321,32.52,0,0,0
2980374,32.16,0,0,0
2980427,31.80,0,0,0
2980480,31.49,0,0,0
2980533,31.30,0,0,0
2980586,31.18,0,0,0
2980639,31.20,0,0,0
2980692,31.37,0,0,0
2980745,31.61,0,0,0
2980798,31.90,0,0,0
2980851,32.21,0,0,0
2980904,32.52,0,0,0
2980957,32.33,0,0,0
2981010,32.46,0,0,0
2981063,32.52,0,0,0
2981116,32.45,0,0,0
2981169,32.33,0,0,0
2981222,32.52,0,0,0
2981275,32.28,0,0,0
2981328,32.04,0,0,0
2981381,31.80,0,0,0
2981434,31.66,0,0,0
2981487,31.56,0,0,0
2981540,31.49,0,0,0
2981593,31.56,0,0,0
2981646,31.68,0,0,0
2981699,31.80,0,0,0
2981752,32.04,0,0,0
2981805,32.22,0,0,0
2981858,32.40,0,0,0
2981911,32.09,0,0,0
2981964,32.58,0,0,0
2982017,32.22,0,0,0
2982070,32.64,0,0,0
2982123,32.52,0,0,0
2982176,32.40,0,0,0
2982229,32.28,0,0,0
2982282,32.14,0,0,0
2982335,32.04,0,0,0
2982388,31.92,0,0,0
2982441,31.80,0,0,0
2982494,31.73,0,0,0
2982547,31.73,0,0,0
2982600,31.73,0,0,0
2982653,31.80,0,0,0
2982706,31.90,0,0,0
2982759,32.04,0,0,0
2982812,32.16,0,0,0
2982865,32.28,0,0,0
2982918,31.97,0,0,0
2982971,32.09,0,0,0
2983024,32.14,0,0,0
2983077,32.16,0,0,0
2983130,32.57,0,0,0
2983183,32.45,0,0,0
2983236,32.40,0,0,0
2983289,32.21,0,0,0
2983342,32.04,0,0,0
2983395,31.90,0,0,0
2983448,31.73,0,0,0
2983501,31.61,0,0,0
2983554,31.97,0,0,0
2983607,31.61,0,0,0
2983660,31.68,0,0,0
2983713,31.80,0,0,0
2983766,32.02,0,0,0
2983819,32.21,0,0,0
2983872,32.04,0,0,0
2983925,32.21,0,0,0
2983978,32.33,0,0,0
2984031,32.40,0,0,0
2984084,32.40,0,0,0
2984137,32.28,0,0,0
2984190,32.52,0,0,0
2984243,32.33,0,0,0
2984296,32.04,0,0,0
2984349,31.73,0,0,0
2984402,31.56,0,0,0
2984455,31.37,0,0,0
2984508,31.32,0,0,0
2984561,31.37,0,0,0
2984614,31.49,0,0,0
2984667,31.73,0,0,0
2984720,32.02,0,0,0
2984773,32.38,0,0,0
2984826,32.28,0,0,0
2984879,32.52,0,0,0
2984932,32.64,0,0,0
