
2011986,24.83,0,0,0
2012038,25.60,0,0,0
2012090,25.30,0,0,0
2012142,25.18,0,0,0
2012194,24.10,0,0,0
2012246,22.54,0,0,0
2012298,20.73,0,0,0
2012350,19.00,0,0,0
2012402,17.61,0,0,0
2012454,16.65,0,0,0
2012506,16.34,0,0,0
2012558,16.70,0,0,0
2012610,17.66,0,0,0
2012662,19.12,0,0,0
2012714,20.85,0,0,0
2012766,22.60,0,0,0
2012818,24.16,0,0,0
2012870,24.82,0,0,0
2012922,25.31,0,0,0
2012974,25.54,0,0,0
2013026,24.76,0,0,0
2013078,23.38,0,0,0
2013130,21.76,0,0,0
2013182,19.95,0,0,0
2013234,18.33,0,0,0
2013286,17.13,0,0,0
2013338,16.48,0,0,0
2013390,16.41,0,0,0
2013442,17.08,0,0,0
2013494,18.28,0,0,0
2013546,19.47,0,0,0
2013598,21.64,0,0,0
2013650,22.90,0,0,0
2013702,24.70,0,0,0
2013754,25.52,0,0,0
2013806,25.30,0,0,0
2013858,24.82,0,0,0
2013910,24.16,0,0,0
2013962,22.66,0,0,0
2014014,20.91,0,0,0
2014066,19.17,0,0,0
2014118,17.73,0,0,0
2014170,16.34,0,0,0
2014222,16.41,0,0,0
2014274,16.65,0,0,0
2014326,17.61,0,0,0
2014378,18.57,0,0,0
2014430,20.68,0,0,0
2014482,22.42,0,0,0
2014534,23.98,0,0,0
2014586,25.12,0,0,0
2014638,25.24,0,0,0
2014690,25.54,0,0,0
2014742,24.82,0,0,0
2014794,23.07,0,0,0
2014846,21.45,0,0,0
2014898,20.13,0,0,0
2014950,18.50,0,0,0
2015002,16.84,0,0,0
2015054,16.53,0,0,0
2015106,16.48,0,0,0
2015158,17.06,0,0,0
2015210,18.21,0,0,0
2015262,19.36,0,0,0
2015314,21.09,0,0,0
2015366,22.78,0,0,0
2015418,24.58,0,0,0
2015470,25.42,0,0,0
2015522,25.24,0,0,0
2015574,25.24,0,0,0
2015626,24.22,0,0,0
2015678,22.78,0,0,0
2015730,21.04,0,0,0
2015782,19.35,0,0,0
2015834,17.85,0,0,0
2015886,16.84,0,0,0
2015938,16.41,0,0,0
2015990,16.70,0,0,0
2016042,17.56,0,0,0
2016094,18.86,0,0,0
2016146,20.56,0,0,0
2016198,22.30,0,0,0
2016250,23.86,0,0,0
2016302,25.00,0,0,0
2016354,25.60,0,0,0
2016406,25.54,0,0,0
2016458,24.82,0,0,0
2016510,23.14,0,0,0
2016562,22.00,0,0,0
2016614,19.83,0,0,0
2016666,18.64,0,0,0
2016718,17.37,0,0,0
2016770,16.60,0,0,0
2016822,16.48,0,0,0
2016874,17.01,0,0,0
2016926,18.16,0,0,0
2016978,19.65,0,0,0
2017030,21.39,0,0,0
2017082,23.07,0,0,0
2017134,24.46,0,0,0
2017186,25.30,0,0,0
2017238,25.60,0,0,0
2017290,25.24,0,0,0
2017342,24.28,0,0,0
2017394,22.90,0,0,0
2017446,21.21,0,0,0
2017498,19.47,0,0,0
2017550,18.04,0,0,0
2017602,16.94,0,0,0
2017654,16.53,0,0,0
2017706,16.70,0,0,0
2017758,17.49,0,0,0
2017810,18.81,0,0,0
2017862,20.43,0,0,0
2017914,22.17,0,0,0
2017966,23.68,0,0,0
2018018,24.46,0,0,0
2018070,25.48,0,0,0
2018122,25.48,0,0,0
2018174,24.88,0,0,0
2018226,23.68,0,0,0
2018278,22.11,0,0,0
2018330,20.37,0,0,0
2018382,18.76,0,0,0
2018434,17.49,0,0,0
2018486,16.70,0,0,0
2018538,16.53,0,0,0
2018590,17.01,0,0,0
2018642,18.09,0,0,0
2018694,19.53,0,0,0
2018746,21.21,0,0,0
2018798,22.48,0,0,0
2018850,24.28,0,0,0
2018902,24.82,0,0,0
2018954,25.54,0,0,0
2019006,24.82,0,0,0
2019058,24.34,0,0,0
2019110,22.54,0,0,0
2019162,21.33,0,0,0
2019214,19.60,0,0,0
2019266,18.09,0,0,0
2019318,17.08,0,0,0
2019370,16.60,0,0,0
2019422,16.70,0,0,0
2019474,17.42,0,0,0
2019526,18.69,0,0,0
2019578,20.32,0,0,0
2019630,22.00,0,0,0
2019682,23.55,0,0,0
2019734,24.76,0,0,0
2019786,25.00,0,0,0
2019838,25.42,0,0,0
2019890,24.46,0,0,0
2019942,23.67,0,0,0
2019994,22.17,0,0,0
2020046,20.49,0,0,0
2020098,18.88,0,0,0
2020150,17.61,0,0,0
2020202,16.34,0,0,0
2020254,16.58,0,0,0
2020306,17.01,0,0,0
2020358,18.04,0,0,0
2020410,19.47,0,0,0
2020462,21.09,0,0,0
2020514,22.36,0,0,0
2020566,24.64,0,0,0
2020618,25.12,0,0,0
2020670,25.48,0,0,0
2020722,24.82,0,0,0
2020774,24.40,0,0,0
2020826,23.02,0,0,0
2020878,21.40,0,0,0
2020930,19.72,0,0,0
2020982,18.21,0,0,0
2021034,17.13,0,0,0
2021086,16.65,0,0,0
2021138,16.70,0,0,0
2021190,17.44,0,0,0
2021242,18.64,0,0,0
2021294,20.20,0,0,0
2021346,21.93,0,0,0
2021398,23.50,0,0,0
2021450,24.70,0,0,0
2021502,24.94,0,0,0
2021554,25.42,0,0,0
2021606,24.46,0,0,0
2021658,23.74,0,0,0
2021710,22.30,0,0,0
2021762,20.61,0,0,0
2021814,19.00,0,0,0
2021866,17.25,0,0,0
2021918,16.41,0,0,0
2021970,16.60,0,0,0
2022022,17.01,0,0,0
2022074,17.97,0,0,0
2022126,19.36,0,0,0
2022178,21.04,0,0,0
2022230,22.66,0,0,0
2022282,24.10,0,0,0
2022334,25.06,0,0,0
2022386,25.48,0,0,0
2022438,25.24,0,0,0
2022490,24.40,0,0,0
2022542,23.08,0,0,0
2022594,21.45,0,0,0
2022646,19.83,0,0,0
2022698,18.33,0,0,0
2022750,17.25,0,0,0
2022802,16.65,0,0,0
2022854,16.70,0,0,0
2022906,17.37,0,0,0
2022958,18.57,0,0,0
2023010,19.71,0,0,0
2023062,21.81,0,0,0
2023114,22.96,0,0,0
2023166,24.58,0,0,0
2023218,24.88,0,0,0
2023270,25.42,0,0,0
2023322,24.88,0,0,0
2023374,23.80,0,0,0
2023426,22.36,0,0,0
2023478,20.68,0,0,0
2023530,19.05,0,0,0
2023582,17.78,0,0,0
2023634,16.89,0,0,0
2023686,16.65,0,0,0
2023738,17.01,0,0,0
2023790,17.92,0,0,0
2023842,19.29,0,0,0
2023894,20.91,0,0,0
2023946,22.60,0,0,0
2023998,23.98,0,0,0
2024050,25.00,0,0,0
2024102,25.00,0,0,0
2024154,25.24,0,0,0
2024206,24.46,0,0,0
2024258,22.72,0,0,0
2024310,21.15,0,0,0
2024362,19.48,0,0,0
2024414,18.40,0,0,0
2024466,17.32,0,0,0
2024518,16.72,0,0,0
2024570,16.77,0,0,0
2024622,17.37,0,0,0
2024674,18.52,0,0,0
2024726,20.08,0,0,0
2024778,21.71,0,0,0
2024830,23.26,0,0,0
2024882,24.52,0,0,0
2024934,25.24,0,0,0
2024986,25.36,0,0,0
2025038,24.94,0,0,0
2025090,23.86,0,0,0
2025142,22.42,0,0,0
2025194,20.79,0,0,0
2025246,19.17,0,0,0
2025298,17.85,0,0,0
2025350,16.96,0,0,0
2025402,16.65,0,0,0
2025454,17.01,0,0,0
2025506,17.92,0,0,0
2025558,19.24,0,0,0
2025610,20.85,0,0,0
2025662,22.47,0,0,0
2025714,23.92,0,0,0
2025766,24.52,0,0,0
2025818,25.36,0,0,0
2025870,24.82,0,0,0
2025922,24.46,0,0,0
2025974,23.20,0,0,0
2026026,21.64,0,0,0
2026078,20.01,0,0,0
2026130,18.09,0,0,0
2026182,17.37,0,0,0
2026234,16.77,0,0,0
2026286,16.77,0,0,0
2026338,17.37,0,0,0
2026390,18.52,0,0,0
2026442,19.96,0,0,0
2026494,21.64,0,0,0
2026546,22.78,0,0,0
2026598,24.46,0,0,0
2026650,24.82,0,0,0
2026702,24.94,0,0,0
2026754,24.52,0,0,0
2026806,23.92,0,0,0
2026858,22.54,0,0,0
2026910,20.85,0,0,0
2026962,19.29,0,0,0
2027014,17.90,0,0,0
2027066,17.01,0,0,0
2027118,16.65,0,0,0
2027170,16.96,0,0,0
2027222,17.85,0,0,0
2027274,19.17,0,0,0
2027326,20.73,0,0,0
2027378,22.42,0,0,0
2027430,23.87,0,0,0
2027482,24.88,0,0,0
2027534,24.94,0,0,0
2027586,24.82,0,0,0
2027638,24.52,0,0,0
2027690,23.32,0,0,0
2027742,21.76,0,0,0
2027794,20.07,0,0,0
2027846,18.16,0,0,0
2027898,17.44,0,0,0
2027950,16.34,0,0,0
2028002,16.70,0,0,0
2028054,16.89,0,0,0
2028106,18.40,0,0,0
2028158,19.47,0,0,0
2028210,21.52,0,0,0
2028262,22.72,0,0,0
2028314,24.40,0,0,0
2028366,25.18,0,0,0
2028418,25.36,0,0,0
2028470,24.94,0,0,0
2028522,23.98,0,0,0
2028574,22.60,0,0,0
2028626,20.99,0,0,0
2028678,19.36,0,0,0
2028730,17.97,0,0,0
2028782,17.01,0,0,0
2028834,16.65,0,0,0
2028886,16.96,0,0,0
2028938,17.80,0,0,0
2028990,19.05,0,0,0
2029042,20.68,0,0,0
2029094,22.30,0,0,0
2029146,23.74,0,0,0
2029198,24.88,0,0,0
2029250,24.94,0,0,0
2029302,25.24,0,0,0
2029354,24.58,0,0,0
2029406,23.38,0,0,0
2029458,21.81,0,0,0
2029510,20.19,0,0,0
2029562,18.64,0,0,0
2029614,17.49,0,0,0
2029666,16.77,0,0,0
2029718,16.70,0,0,0
2029770,16.84,0,0,0
2029822,18.33,0,0,0
2029874,19.77,0,0,0
2029926,21.04,0,0,0
2029978,23.02,0,0,0
2030030,24.34,0,0,0
2030082,25.18,0,0,0
2030134,25.36,0,0,0
2030186,25.00,0,0,0
2030238,24.03,0,0,0
2030290,22.66,0,0,0
2030342,21.03,0,0,0
2030394,19.41,0,0,0
2030446,18.02,0,0,0
2030498,17.08,0,0,0
2030550,16.65,0,0,0
2030602,16.89,0,0,0
2030654,17.66,0,0,0
2030706,19.00,0,0,0
2030758,20.55,0,0,0
2030810,22.23,0,0,0
2030862,23.67,0,0,0
2030914,24.82,0,0,0
2030966,24.94,0,0,0
2031018,24.88,0,0,0
2031070,24.64,0,0,0
2031122,23.43,0,0,0
2031174,21.93,0,0,0
2031226,20.25,0,0,0
2031278,18.74,0,0,0
2031330,17.49,0,0,0
2031382,16.84,0,0,0
2031434,16.70,0,0,0
2031486,16.77,0,0,0
2031538,18.28,0,0,0
2031590,19.29,0,0,0
2031642,21.33,0,0,0
2031694,22.96,0,0,0
2031746,24.28,0,0,0
2031798,25.18,0,0,0
2031850,24.99,0,0,0
2031902,25.06,0,0,0
2031954,24.16,0,0,0
2032006,22.78,0,0,0
2032058,21.15,0,0,0
2032110,19.53,0,0,0
2032162,17.68,0,0,0
2032214,17.13,0,0,0
2032266,16.65,0,0,0
2032318,16.41,0,0,0
2032370,17.61,0,0,0
2032422,18.86,0,0,0
2032474,20.43,0,0,0
2032526,22.11,0,0,0
2032578,23.62,0,0,0
2032630,24.76,0,0,0
2032682,24.94,0,0,0
2032734,24.94,0,0,0
2032786,24.76,0,0,0
2032838,23.62,0,0,0
2032890,22.11,0,0,0
2032942,20.43,0,0,0
2032994,18.86,0,0,0
2033046,17.61,0,0,0
2033098,16.41,0,0,0
2033150,16.65,0,0,0
2033202,17.13,0,0,0
2033254,18.09,0,0,0
2033306,19.53,0,0,0
2033358,21.16,0,0,0
2033410,22.78,0,0,0
2033462,24.16,0,0,0
2033514,25.12,0,0,0
2033566,24.99,0,0,0
2033618,25.18,0,0,0
2033670,24.28,0,0,0
2033722,22.95,0,0,0
2033774,21.40,0,0,0
2033826,19.71,0,0,0
2033878,18.28,0,0,0
2033930,16.77,0,0,0
2033982,16.72,0,0,0
2034034,16.77,0,0,0
2034086,17.49,0,0,0
2034138,18.71,0,0,0
2034190,20.25,0,0,0
2034242,21.88,0,0,0
2034294,23.44,0,0,0
2034346,24.64,0,0,0
2034398,24.88,0,0,0
2034450,25.35,0,0,0
2034502,24.82,0,0,0
2034554,23.74,0,0,0
2034606,22.30,0,0,0
2034658,20.61,0,0,0
2034710,19.05,0,0,0
2034762,17.73,0,0,0
2034814,16.89,0,0,0
2034866,16.65,0,0,0
2034918,17.01,0,0,0
2034970,17.97,0,0,0
2035022,19.36,0,0,0
2035074,20.97,0,0,0
2035126,22.60,0,0,0
2035178,23.99,0,0,0
2035230,25.00,0,0,0
2035282,25.43,0,0,0
2035334,25.19,0,0,0
2035386,24.40,0,0,0
2035438,22.72,0,0,0
2035490,21.57,0,0,0
2035542,19.48,0,0,0
2035594,18.45,0,0,0
2035646,17.32,0,0,0
2035698,16.77,0,0,0
2035750,16.34,0,0,0
2035802,17.44,0,0,0
2035854,18.16,0,0,0
2035906,20.07,0,0,0
2035958,21.76,0,0,0
2036010,23.26,0,0,0
2036062,24.52,0,0,0
2036114,24.82,0,0,0
2036166,24.94,0,0,0
2036218,24.88,0,0,0
2036270,23.80,0,0,0
2036322,22.42,0,0,0
2036374,20.79,0,0,0
2036426,19.17,0,0,0
2036478,17.85,0,0,0
2036530,17.01,0,0,0
2036582,16.70,0,0,0
2036634,17.01,0,0,0
2036686,17.92,0,0,0
2036738,19.29,0,0,0
2036790,20.85,0,0,0
2036842,22.48,0,0,0
2036894,23.92,0,0,0
2036946,24.94,0,0,0
2036998,24.94,0,0,0
2037050,25.18,0,0,0
2037102,24.46,0,0,0
2037154,22.78,0,0,0
2037206,21.64,0,0,0
2037258,20.01,0,0,0
2037310,18.09,0,0,0
2037362,17.37,0,0,0
2037414,16.36,0,0,0
2037466,16.36,0,0,0
2037518,17.37,0,0,0
2037570,18.09,0,0,0
2037622,20.01,0,0,0
2037674,21.64,0,0,0
2037726,22.78,0,0,0
2037778,24.46,0,0,0
2037830,25.19,0,0,0
2037882,24.94,0,0,0
2037934,24.88,0,0,0
2037986,23.92,0,0,0
2038038,22.47,0,0,0
2038090,20.85,0,0,0
2038142,19.29,0,0,0
2038194,17.90,0,0,0
2038246,17.01,0,0,0
2038298,16.70,0,0,0
2038350,17.01,0,0,0
2038402,17.85,0,0,0
2038454,19.17,0,0,0
2038506,20.73,0,0,0
2038558,22.42,0,0,0
2038610,23.86,0,0,0
2038662,24.46,0,0,0
2038714,25.36,0,0,0
2038766,25.18,0,0,0
2038818,24.46,0,0,0
2038870,22.84,0,0,0
2038922,21.69,0,0,0
2038974,20.08,0,0,0
2039026,18.14,0,0,0
2039078,17.42,0,0,0
2039130,16.84,0,0,0
2039182,16.36,0,0,0
2039234,17.37,0,0,0
2039286,18.04,0,0,0
2039338,19.89,0,0,0
2039390,21.57,0,0,0
2039442,22.72,0,0,0
2039494,24.40,0,0,0
2039546,24.76,0,0,0
2039598,24.94,0,0,0
2039650,24.52,0,0,0
2039702,23.98,0,0,0
2039754,22.60,0,0,0
2039806,20.97,0,0,0
2039858,19.36,0,0,0
2039910,17.99,0,0,0
2039962,17.08,0,0,0
2040014,16.72,0,0,0
2040066,16.96,0,0,0
2040118,17.80,0,0,0
2040170,19.11,0,0,0
2040222,20.68,0,0,0
2040274,22.30,0,0,0
2040326,23.74,0,0,0
2040378,24.82,0,0,0
2040430,25.36,0,0,0
2040482,24.82,0,0,0
2040534,24.59,0,0,0
2040586,23.32,0,0,0
2040638,21.81,0,0,0
2040690,19.77,0,0,0
2040742,18.69,0,0,0
2040794,17.49,0,0,0
2040846,16.41,0,0,0
2040898,16.34,0,0,0
2040950,17.32,0,0,0
2041002,18.33,0,0,0
